Test 1
Solution FoundSolution (col, row)
 -------
0, 7
1, 20
2, 18
3, 5
4, 14
5, 6
6, 11
7, 22
8, 4
9, 21
10, 16
11, 24
12, 3
13, 1
14, 23
15, 9
16, 0
17, 2
18, 15
19, 8
20, 12
21, 19
22, 17
23, 13
24, 10
Fitness Score: 
25
Test 2
Solution FoundSolution (col, row)
 -------
0, 21
1, 9
2, 13
3, 4
4, 0
5, 12
6, 19
7, 2
8, 8
9, 18
10, 14
11, 23
12, 1
13, 6
14, 24
15, 5
16, 7
17, 16
18, 10
19, 22
20, 17
21, 15
22, 20
23, 3
24, 11
Fitness Score: 
25
Test 3
Solution Found
Solution (col, row)
 -------
0, 13
1, 24
2, 12
3, 19
4, 0
5, 7
6, 17
7, 11
8, 23
9, 6
10, 1
11, 16
12, 4
13, 8
14, 3
15, 14
16, 22
17, 2
18, 21
19, 5
20, 20
21, 9
22, 15
23, 10
24, 18
Fitness Score: 
25Average Time (s): 7
